1    0.001379
2    0.001299
3    0.001330
4    0.001364
5    0.001310
6    0.001369
7    0.001324
8    0.001337
9    0.001369
10    0.001393
11    0.001318
12    0.001322
13    0.001363
14    0.001343
15    0.001316
16    0.001367
17    0.001313
18    0.001365
19    0.001369
20    0.001321
21    0.001329
22    0.001364
23    0.001363
24    0.001297
25    0.001344
26    0.001325
27    0.001320
28    0.001300
29    0.001310
30    0.001722
31    0.001306
32    0.001340
33    0.001331
34    0.001316
35    0.001308
36    0.001300
37    0.001332
38    0.001324
39    0.001309
40    0.001357
41    0.001311
42    0.001399
43    0.001340
44    0.001355
45    0.001309
46    0.001314
47    0.001337
48    0.001302
49    0.001319
50    0.001324
51    0.001367
52    0.001314
53    0.001352
54    0.001349
55    0.001337
56    0.001354
57    0.001308
58    0.001371
59    0.001417
60    0.001296
61    0.001361
62    0.001321
63    0.001303
64    0.001360
65    0.001377
66    0.001376
67    0.001338
68    0.001356
69    0.001308
70    0.001354
71    0.001324
72    0.001322
73    0.001329
74    0.001334
75    0.001318
76    0.001312
77    0.001299
78    0.001366
79    0.001302
80    0.001391
81    0.001300
82    0.001373
83    0.001311
84    0.001311
85    0.001338
86    0.001352
87    0.001319
88    0.001310
89    0.001305
90    0.001300
91    0.001369
92    0.001319
93    0.001351
94    0.001321
95    0.001315
96    0.001343
97    0.001415
98    0.001362
99    0.001332
100    0.001355
101    0.001381
102    0.001307
103    0.001337
104    0.001293
105    0.001312
106    0.001375
107    0.001318
108    0.001339
109    0.001317
110    0.001320
111    0.001373
112    0.001311
113    0.001302
114    0.001320
115    0.001354
116    0.001306
117    0.001371
118    0.001352
119    0.001644
120    0.001349
121    0.001327
122    0.001416
123    0.001342
124    0.001359
125    0.001310
126    0.001313
127    0.001381
128    0.001306
129    0.001321
130    0.001304
131    0.001309
132    0.001314
133    0.001300
134    0.001323
135    0.001375
136    0.001337
137    0.001299
138    0.001301
139    0.001357
140    0.001309
141    0.001309
142    0.001313
143    0.001370
144    0.001460
145    0.001305
146    0.001313
147    0.001312
148    0.001319
149    0.001342
150    0.001362
151    0.001328
152    0.001382
153    0.001444
154    0.001302
155    0.001329
156    0.001350
157    0.001346
158    0.001312
159    0.001321
160    0.001296
161    0.001317
162    0.001348
163    0.001292
164    0.001312
165    0.001309
166    0.001299
167    0.001352
168    0.001308
169    0.001297
170    0.001352
171    0.001359
172    0.001340
173    0.001708
174    0.001679
175    0.001606
176    0.001299
177    0.001328
178    0.001336
179    0.001317
180    0.001718
181    0.001810
182    0.001543
183    0.001326
184    0.001412
185    0.002356
186    0.001321
187    0.002886
188    0.001345
189    0.002943
190    0.001331
191    0.001475
192    0.001313
193    0.001619
194    0.003053
195    0.002241
196    0.001309
197    0.003045
198    0.002477
199    0.001694
200    0.001438
201    0.001650
202    0.001685
203    0.001657
204    0.001321
205    0.001626
206    0.001658
207    0.001304
208    0.001293
209    0.002279
210    0.001329
211    0.002929
212    0.001444
213    0.001702
214    0.002891
215    0.002875
216    0.001705
217    0.002973
218    0.003114
219    0.001720
220    0.001710
221    0.002833
222    0.002877
223    0.002898
224    0.002262
225    0.002047
226    0.003015
227    0.003849
228    0.001346
229    0.002211
230    0.002972
231    0.001880
232    0.002735
233    0.001715
234    0.001399
235    0.001719
236    0.002337
237    0.001621
238    0.001906
239    0.002843
240    0.001339
241    0.001533
242    0.001362
243    0.001618
244    0.001552
245    0.002933
246    0.001627
247    0.001901
248    0.002832
249    0.001351
250    0.002781
251    0.001387
252    0.002849
253    0.001315
254    0.002899
255    0.002804
256    0.002843
257    0.002940
258    0.002892
259    0.001737
260    0.001709
261    0.001652
262    0.001956
263    0.002877
264    0.001388
265    0.002106
266    0.001434
267    0.001337
268    0.001304
269    0.002915
270    0.001490
271    0.003387
272    0.002978
273    0.002129
274    0.001931
275    0.001714
276    0.001380
277    0.002906
278    0.002521
279    0.001307
280    0.001303
281    0.001427
282    0.001301
283    0.001691
284    0.001381
285    0.001318
286    0.001420
287    0.001594
288    0.002512
289    0.002675
290    0.001329
291    0.001297
292    0.002703
293    0.002945
294    0.002900
295    0.002904
296    0.001958
297    0.001364
298    0.001365
299    0.001294
300    0.001388
301    0.001296
302    0.001338
303    0.001331
304    0.001307
305    0.001296
306    0.001297
307    0.001338
308    0.001324
309    0.001304
310    0.001464
311    0.001312
312    0.002275
313    0.001522
314    0.001539
315    0.001300
316    0.001298
317    0.001316
318    0.001355
319    0.002848
320    0.001349
321    0.002871
322    0.001310
323    0.001331
324    0.001357
325    0.001441
326    0.001379
327    0.001331
328    0.001350
329    0.001335
330    0.002438
331    0.001442
332    0.001416
333    0.001312
334    0.001293
335    0.001391
336    0.001336
337    0.001322
338    0.001295
339    0.001358
340    0.001334
341    0.001340
342    0.001718
343    0.001306
344    0.001736
345    0.002868
346    0.001744
347    0.001392
348    0.002125
349    0.001366
350    0.001303
351    0.001994
352    0.001359
353    0.001327
354    0.001308
355    0.002709
356    0.001401
357    0.001337
358    0.001507
359    0.001317
360    0.002659
361    0.001357
362    0.001949
363    0.003331
364    0.001450
365    0.001353
366    0.001365
367    0.001862
368    0.001685
369    0.001810
370    0.001343
371    0.001616
372    0.001315
373    0.001454
374    0.001326
375    0.001812
376    0.001818
377    0.002855
378    0.002036
379    0.001738
380    0.001450
381    0.001411
382    0.001631
383    0.001314
384    0.001403
385    0.001799
386    0.001323
387    0.001334
388    0.002787
389    0.001554
390    0.001336
391    0.002965
392    0.001324
393    0.001389
394    0.001894
395    0.001770
396    0.002911
397    0.003041
398    0.002394
399    0.002203
400    0.001619
401    0.001651
402    0.003491
403    0.001302
404    0.001292
405    0.001326
406    0.001805
407    0.002534
408    0.002638
409    0.001524
410    0.001810
411    0.003365
412    0.001846
413    0.001472
414    0.001507
415    0.001312
416    0.002876
417    0.001636
418    0.002873
419    0.001386
420    0.002056
421    0.002920
422    0.001895
423    0.001349
424    0.002960
425    0.001475
426    0.001333
427    0.001470
428    0.001880
429    0.001353
430    0.001480
431    0.001789
432    0.001402
433    0.002462
434    0.001890
435    0.001329
436    0.002268
437    0.001735
438    0.001444
439    0.002660
440    0.001734
441    0.001662
442    0.001356
443    0.001366
444    0.002831
445    0.002175
446    0.001699
447    0.001347
448    0.001444
449    0.002826
450    0.002701
451    0.001462
452    0.002291
453    0.002592
454    0.002880
455    0.003070
456    0.001677
457    0.002651
458    0.001528
459    0.002919
460    0.002608
461    0.002903
462    0.001656
463    0.001334
464    0.002814
465    0.001699
466    0.001425
467    0.001379
468    0.001314
469    0.001808
470    0.002835
471    0.001332
472    0.001608
473    0.001288
474    0.001995
475    0.001292
476    0.001692
477    0.001311
478    0.001582
479    0.002847
480    0.001800
481    0.001322
482    0.002634
483    0.001467
484    0.001626
485    0.001771
486    0.001575
487    0.001310
488    0.001316
489    0.001350
490    0.002551
491    0.001320
492    0.001292
493    0.001295
494    0.001325
495    0.001360
496    0.001994
497    0.001317
498    0.001300
499    0.001537
500    0.002328
501    0.001325
502    0.001332
503    0.001297
504    0.001437
505    0.001599
506    0.001370
507    0.001362
508    0.001307
509    0.001303
510    0.001452
511    0.001335
512    0.001351
513    0.001338
514    0.002117
515    0.002890
516    0.001446
517    0.001350
518    0.001424
519    0.001409
520    0.001301
521    0.001301
522    0.002382
523    0.001320
524    0.001322
525    0.002924
526    0.001417
527    0.001450
528    0.001371
529    0.001555
530    0.001325
531    0.001312
532    0.001324
533    0.001347
534    0.002957
535    0.001314
536    0.001340
537    0.001365
538    0.001365
539    0.001466
540    0.001294
541    0.002176
542    0.001434
543    0.001411
544    0.001340
545    0.001310
546    0.001308
547    0.001338
548    0.001622
549    0.001679
550    0.001308
551    0.001365
552    0.001337
553    0.001645
554    0.001432
555    0.001316
556    0.001611
557    0.001347
558    0.001302
559    0.001301
560    0.001311
561    0.001424
562    0.001424
563    0.001498
564    0.002158
565    0.001309
566    0.001375
567    0.001323
568    0.001342
569    0.001393
570    0.001415
571    0.001440
572    0.001437
573    0.001298
574    0.001536
575    0.001387
576    0.001307
577    0.002940
578    0.002938
579    0.001308
580    0.001332
581    0.002919
582    0.001695
583    0.002910
584    0.001676
585    0.001748
586    0.002355
587    0.001310
588    0.002930
589    0.002909
590    0.001363
591    0.001313
592    0.001526
593    0.001776
594    0.002159
595    0.001595
596    0.001296
597    0.001780
598    0.002827
599    0.001586
600    0.003189
601    0.001853
602    0.002900
603    0.001798
604    0.001415
605    0.001358
606    0.001321
607    0.002017
608    0.002508
609    0.001304
610    0.002059
611    0.002814
612    0.001385
613    0.001374
614    0.001351
615    0.001734
616    0.001314
617    0.001597
618    0.001372
619    0.001406
620    0.001302
621    0.001374
622    0.003489
623    0.001339
624    0.001765
625    0.001303
626    0.001832
627    0.001949
628    0.002938
629    0.001936
630    0.002326
631    0.001684
632    0.001292
633    0.002700
634    0.001864
635    0.001343
636    0.001317
637    0.001425
638    0.002723
639    0.001329
640    0.002408
641    0.001453
642    0.001344
643    0.002845
644    0.001315
645    0.001408
646    0.003060
647    0.001422
648    0.001946
649    0.001523
650    0.001401
651    0.001313
652    0.001304
653    0.001328
654    0.001390
655    0.002492
656    0.001626
657    0.001441
658    0.001475
659    0.001411
660    0.002935
661    0.002732
662    0.001977
663    0.001338
664    0.001336
665    0.002894
666    0.002866
667    0.001623
668    0.001389
669    0.001396
670    0.001304
671    0.001424
672    0.001741
673    0.001316
674    0.002887
675    0.002141
676    0.001378
677    0.002350
678    0.001403
679    0.001905
680    0.001404
681    0.001327
682    0.001373
683    0.001376
684    0.001979
685    0.001377
686    0.002637
687    0.002649
688    0.001373
689    0.001332
690    0.001304
691    0.001344
692    0.001354
693    0.001502
694    0.001470
695    0.002093
696    0.001420
697    0.001373
698    0.001305
699    0.001295
700    0.001531
701    0.001677
702    0.001302
703    0.001736
704    0.001439
705    0.001509
706    0.001351
707    0.001293
708    0.002871
709    0.001293
710    0.001298
711    0.001375
712    0.002317
713    0.002922
714    0.002409
715    0.001357
716    0.001331
717    0.001289
718    0.001588
719    0.001492
720    0.001327
721    0.001342
722    0.001345
723    0.001358
724    0.001333
725    0.001315
726    0.001402
727    0.001334
728    0.001403
729    0.001314
730    0.001349
731    0.001324
732    0.001301
733    0.001334
734    0.001408
735    0.001371
736    0.001518
737    0.001296
738    0.001299
739    0.001306
740    0.001363
741    0.001311
742    0.001352
743    0.001374
744    0.002915
745    0.001306
746    0.001414
747    0.001346
748    0.001362
749    0.001345
750    0.001689
751    0.001969
752    0.001328
753    0.001291
754    0.001326
755    0.001494
756    0.001372
757    0.002845
758    0.002440
759    0.001369
760    0.001298
761    0.001462
762    0.001307
763    0.001333
764    0.001485
765    0.001306
766    0.002116
767    0.001312
768    0.001308
769    0.001305
770    0.001699
771    0.001299
772    0.001405
773    0.002896
774    0.002548
775    0.001674
776    0.001307
777    0.001407
778    0.001650
779    0.001305
780    0.001297
781    0.002880
782    0.001299
783    0.001310
784    0.001336
785    0.001319
786    0.001297
787    0.001337
788    0.001325
789    0.001344
790    0.001294
791    0.001333
792    0.001328
793    0.001321
794    0.001298
795    0.001432
796    0.001343
797    0.001351
798    0.001554
799    0.001506
800    0.002333
801    0.002644
802    0.001733
803    0.001414
804    0.001302
805    0.001363
806    0.001355
807    0.001316
808    0.001417
809    0.002117
810    0.002282
811    0.001937
812    0.001304
813    0.001296
814    0.001467
815    0.001299
816    0.001697
817    0.001391
818    0.001321
819    0.001319
820    0.001339
821    0.001367
822    0.001373
823    0.001314
824    0.001381
825    0.001597
826    0.001467
827    0.001303
828    0.001337
829    0.001309
830    0.001409
831    0.001315
832    0.002118
833    0.001300
834    0.001798
835    0.001786
836    0.001319
837    0.001582
838    0.001695
839    0.001372
840    0.001350
841    0.001873
842    0.001312
843    0.001297
844    0.001703
845    0.001637
846    0.001736
847    0.001468
848    0.001350
849    0.001353
850    0.001288
851    0.001293
852    0.001323
853    0.003072
854    0.001330
855    0.001314
856    0.001707
857    0.001356
858    0.001658
859    0.001376
860    0.001325
861    0.001296
862    0.001305
863    0.001307
864    0.001294
865    0.001345
866    0.001322
867    0.001313
868    0.001299
869    0.001634
870    0.001744
871    0.001386
872    0.001373
873    0.001523
874    0.001305
875    0.001316
876    0.001393
877    0.001295
878    0.002327
879    0.001698
880    0.001290
881    0.001511
882    0.001417
883    0.001408
884    0.001493
885    0.001706
886    0.001309
887    0.001312
888    0.001356
889    0.001688
890    0.002943
891    0.002734
892    0.001354
893    0.001307
894    0.002387
895    0.001371
896    0.001347
897    0.001302
898    0.001335
899    0.001304
900    0.001751
901    0.001346
902    0.001323
903    0.002221
904    0.001308
905    0.002006
906    0.001812
907    0.002168
908    0.001319
909    0.001340
910    0.001306
911    0.001735
912    0.001294
913    0.001308
914    0.001420
915    0.001299
916    0.001323
917    0.001636
918    0.001539
919    0.001302
920    0.001719
921    0.001366
922    0.001307
923    0.001635
924    0.001324
925    0.001757
926    0.001538
927    0.001364
928    0.001320
929    0.001722
930    0.001322
931    0.001322
932    0.001441
933    0.001428
934    0.001703
935    0.001315
936    0.001296
937    0.001355
938    0.001293
939    0.001308
940    0.002256
941    0.001297
942    0.001449
943    0.001811
944    0.002493
945    0.001500
946    0.002380
947    0.001314
948    0.001356
949    0.001295
950    0.001370
951    0.001433
952    0.001439
953    0.002955
954    0.001783
955    0.001386
956    0.001306
957    0.001296
958    0.001683
959    0.001508
960    0.001346
961    0.001303
962    0.002314
963    0.001355
964    0.001302
965    0.001442
966    0.001310
967    0.001301
968    0.001296
969    0.001659
970    0.001688
971    0.002129
972    0.001307
973    0.001304
974    0.001486
975    0.001325
976    0.001321
977    0.001751
978    0.001344
979    0.001494
980    0.001331
981    0.001318
982    0.001311
983    0.001827
984    0.001328
985    0.001462
986    0.001560
987    0.001305
988    0.001357
989    0.001321
990    0.001381
991    0.001307
992    0.001400
993    0.001443
994    0.002294
995    0.001359
996    0.001358
997    0.001447
998    0.001318
999    0.001677
1000    0.001502
